query1(4576, 5400, -1)
query1(6058, 4402, 0)
query1(266, 2106, -1)
query1(8313, 9523, -1)
query1(9858, 1587, 1)
query1(2155, 5355, -1)
query1(4947, 8771, -1)
query1(5105, 9608, 3)
query1(7128, 5751, -1)
query1(2814, 4641, 0)
query1(8287, 9776, -1)
query1(9048, 3894, -1)
query1(9304, 4776, -1)
query1(7007, 5764, -1)
query1(7912, 447, -1)
query1(7805, 6806, -1)
query1(4075, 4775, -1)
query1(4092, 1724, -1)
query1(6251, 1306, -1)
query1(1419, 2026, -1)
query1(5375, 2546, 1)
query1(9110, 5836, -1)
query1(4900, 9914, -1)
query1(3148, 8624, 0)
query1(3072, 4124, 3)
query1(657, 1755, -1)
query1(463, 8003, -1)
query1(2882, 4064, -1)
query1(7217, 7821, 1)
query1(287, 9494, 0)
query1(2521, 1577, -1)
query1(7086, 6779, -1)
query1(2479, 3035, 0)
query1(6903, 3436, -1)
query1(8716, 2237, 1)
query1(5476, 1151, -1)
query1(2914, 194, -1)
query1(3452, 2135, -1)
query1(4595, 9972, 0)
query1(9026, 6856, -1)
query1(4761, 9750, -1)
query1(7062, 3957, -1)
query1(1485, 4304, -1)
query1(7578, 486, -1)
query1(7803, 2482, -1)
query1(2850, 4760, -1)
query1(7336, 7028, -1)
query1(1463, 1446, -1)
query1(3381, 4851, 3)
query1(8085, 2554, -1)
query1(9073, 3130, -1)
query1(657, 1307, -1)
query1(1961, 1162, -1)
query1(4662, 6702, 1)
query1(1376, 7369, 3)
query1(3836, 3451, 1)
query1(699, 3254, -1)
query1(7702, 5114, 0)
query1(2723, 1282, -1)
query1(6580, 302, -1)
query1(2754, 3069, 0)
query1(3835, 3565, -1)
query1(3324, 8008, -1)
query1(5328, 1772, -1)
query1(3584, 6901, 0)
query1(2857, 1507, -1)
query1(1198, 4491, 1)
query1(3013, 1876, -1)
query1(4646, 9571, -1)
query1(4708, 3577, 1)
query1(9035, 3822, 2)
query1(5342, 4850, 0)
query1(1155, 3556, -1)
query1(5832, 5743, -1)
query1(7671, 1083, 0)
query1(3323, 9186, -1)
query1(1469, 6715, -1)
query1(8580, 2339, -1)
query1(2063, 1379, -1)
query1(2880, 2151, 0)
query1(4311, 6005, -1)
query1(279, 1238, -1)
query1(1431, 8550, 0)
query1(3267, 3581, -1)
query1(6882, 9283, -1)
query1(6197, 2831, -1)
query1(7139, 5414, -1)
query1(2134, 3237, 0)
query1(1079, 9713, 1)
query1(5892, 6162, -1)
query1(342, 6962, 0)
query1(7957, 1494, 1)
query1(9728, 6170, 0)
query1(6118, 5872, -1)
query1(1576, 6747, -1)
query1(5745, 665, 2)
query1(9270, 1382, 3)
query1(5906, 1204, 1)
query1(536, 3668, -1)
query1(5827, 1557, 0)
query1(7430, 7564, 1)
query1(4938, 4200, 0)
query1(420, 6580, -1)
query1(7121, 1833, -1)
query1(7146, 8571, 0)
query1(7987, 2308, -1)
query1(1172, 3039, 0)
query1(4117, 44, 1)
query1(8318, 9948, 3)
query1(7751, 8980, -1)
query1(510, 4921, 0)
query1(634, 2595, 0)
query1(8464, 7552, 0)
query1(8941, 8887, -1)
query1(7667, 5891, -1)
query1(6001, 8252, -1)
query1(704, 5891, -1)
query1(5486, 8226, -1)
query1(8786, 8799, 1)
query1(8954, 3440, 1)
query1(6204, 6204, -1)
query1(9725, 3644, -1)
query1(7258, 1410, 1)
query1(7552, 3714, -1)
query1(9195, 3870, 2)
query1(9789, 4464, -1)
query1(9707, 8399, -1)
query1(1757, 6176, -1)
query1(3839, 7871, -1)
query1(193, 9043, -1)
query1(9601, 647, -1)
query1(5448, 779, -1)
query1(2009, 6790, 1)
query1(8250, 2585, -1)
query1(5723, 1948, 0)
query1(2311, 6007, -1)
query1(1506, 493, -1)
query1(7543, 4914, -1)
query1(9168, 222, 2)
query1(4341, 8068, -1)
query1(7538, 3732, -1)
query1(2001, 980, 0)
query1(1285, 8905, -1)
query1(4422, 3736, 1)
query1(9572, 3276, 1)
query1(1657, 3794, -1)
query1(6452, 8512, 1)
query1(3926, 5529, 2)
query1(1261, 9833, 1)
query1(9650, 3124, -1)
query1(9231, 4372, 0)
query1(8016, 9013, -1)
query1(4702, 9872, -1)
query1(5471, 3806, 1)
query1(1507, 5637, 1)
query1(2341, 8376, 0)
query1(3999, 5237, -1)
query1(5422, 2320, 4)
query1(9638, 6714, -1)
query1(4072, 9666, 0)
query1(1635, 6145, -1)
query1(5706, 224, -1)
query1(1323, 7047, -1)
query1(942, 4626, -1)
query1(5476, 7193, 1)
query1(81, 9948, -1)
query1(7255, 1256, -1)
query1(9170, 3842, -1)
query1(7534, 8243, 0)
query1(3992, 2769, -1)
query1(7659, 2559, -1)
query1(4250, 3560, 7)
query1(2642, 2883, -1)
query1(6535, 1572, 0)
query1(8788, 1909, 0)
query1(1044, 4713, -1)
query1(2699, 735, -1)
query1(8215, 2227, 1)
query1(299, 1971, 2)
query1(1171, 2541, 0)
query1(1386, 5219, -1)
query1(5224, 8519, -1)
query1(8340, 9143, 3)
query1(3161, 7509, -1)
query1(6988, 7557, -1)
query1(4299, 4302, -1)
query1(6064, 8952, -1)
query1(3499, 4699, -1)
query1(8813, 3052, -1)
query1(1229, 6033, 1)
query1(5640, 246, -1)
query1(9904, 8239, 3)
query1(5443, 1110, -1)
query1(6574, 1171, 1)
query1(7684, 9100, 1)
query1(7474, 5231, 0)
query1(6373, 5524, 0)
query1(7258, 4721, -1)
query1(1776, 6073, 1)
query1(4616, 3495, 1)
query1(7306, 7844, -1)
query1(895, 6518, 0)
query1(8742, 8711, -1)
query1(5462, 6154, -1)
query1(8998, 8857, -1)
query1(336, 3999, -1)
query1(6198, 81, -1)
query1(7852, 7953, 2)
query1(9341, 3322, -1)
query1(4302, 1834, -1)
query1(4002, 166, -1)
query1(6522, 2954, -1)
query1(251, 814, -1)
query1(5888, 316, -1)
query1(9106, 778, 2)
query1(3156, 6512, -1)
query1(682, 750, 0)
query1(49, 2625, 1)
query1(291, 9483, -1)
query1(8290, 6140, 1)
query1(3264, 9534, -1)
query1(6458, 8876, -1)
query1(1218, 7163, -1)
query1(5687, 5130, -1)
query1(1598, 9948, -1)
query1(4636, 3262, 0)
query1(812, 69, 0)
query1(8472, 3652, 0)
query1(7518, 6337, -1)
query1(945, 1403, -1)
query1(9714, 6375, -1)
query1(7556, 6969, 0)
query1(4606, 9838, 0)
query1(3156, 2235, -1)
query1(4016, 7162, 0)
query1(1049, 903, -1)
query1(8282, 6815, -1)
query1(4092, 1430, -1)
query1(8728, 9914, -1)
query1(8615, 9846, -1)
query1(3780, 4572, -1)
query1(9227, 2040, 0)
query1(1129, 3002, -1)
query1(1313, 5362, 0)
query1(7253, 6261, -1)
query1(1014, 6894, -1)
query1(9160, 350, 1)
query1(5887, 4459, -1)
query1(2789, 7144, -1)
query1(6704, 6186, 0)
query1(7978, 2258, -1)
query1(8190, 7655, 1)
query1(3942, 9145, 1)
query1(9238, 4360, 5)
query1(6068, 7768, -1)
query1(2619, 7192, 0)
query1(8166, 8874, -1)
query1(1812, 2113, -1)
query1(357, 5820, -1)
query1(3955, 615, 0)
query1(5812, 1450, 0)
query1(1846, 9941, 0)
query1(6340, 4017, 1)
query1(8435, 8702, -1)
query1(3111, 217, -1)
query1(6208, 7610, -1)
query1(8293, 679, 0)
query1(1230, 2187, 1)
query1(615, 7091, -1)
query1(1463, 9975, -1)
query1(4562, 7623, 1)
query1(6508, 2934, -1)
query1(4658, 4315, 0)
query1(1150, 6076, -1)
query1(2367, 8023, -1)
query1(1805, 7888, 0)
query1(937, 216, -1)
query1(8502, 9545, 0)
query1(5686, 6987, -1)
query1(6689, 2490, -1)
query1(6848, 9529, 0)
query1(4666, 5877, 0)
query1(1976, 4206, 1)
query1(8913, 5708, 0)
query1(4271, 7244, -1)
query1(2816, 3118, -1)
query1(6686, 3502, 0)
query1(4861, 3221, 0)
query1(921, 1161, 1)
query1(6630, 601, 0)
query1(3629, 1463, -1)
query1(4228, 9329, -1)
query1(6362, 4875, 0)
query1(938, 3907, -1)
query1(2750, 2312, -1)
query1(2131, 8760, -1)
query1(24, 8260, -1)
query1(3754, 9109, -1)
query1(507, 2957, -1)
query1(7782, 466, 1)
query1(2580, 168, 2)
query1(3880, 2757, -1)
query1(9556, 5354, 0)
query1(5709, 6112, -1)
query1(8020, 842, 1)
query1(9529, 6312, 0)
query1(1801, 6604, -1)
query1(8369, 5150, -1)
query1(9425, 73, -1)
query1(6509, 2223, -1)
query1(4323, 9103, 0)
query1(3778, 8767, 0)
query1(7207, 9441, 0)
query1(8531, 5378, 1)
query1(7034, 4462, -1)
query1(8073, 7124, 1)
query1(8560, 5439, 1)
query1(5304, 2364, 0)
query1(3280, 2727, -1)
query1(1075, 7699, -1)
query1(8026, 7525, -1)
query1(1758, 7546, 1)
query1(667, 6191, 0)
query1(2331, 6037, -1)
query1(2652, 7330, -1)
query1(6884, 2331, -1)
query1(8055, 5596, -1)
query1(870, 6200, -1)
query1(565, 2968, -1)
query1(5158, 4760, -1)
query1(9105, 536, 1)
query1(5747, 1483, -1)
query1(8011, 9163, -1)
query1(8520, 6460, -1)
query1(5471, 2263, -1)
query1(4316, 6891, -1)
query1(7202, 9538, -1)
query1(4023, 9334, 0)
query1(6927, 1334, -1)
query1(9755, 1434, -1)
query1(7053, 2363, 2)
query1(1262, 1766, 0)
query1(917, 3133, 1)
query1(5958, 9001, -1)
query1(6090, 8047, -1)
query1(6554, 3088, -1)
query1(8532, 1300, 2)
query1(5140, 3106, -1)
query1(6004, 1006, -1)
query1(2401, 5156, 3)
query1(6361, 8164, -1)
query1(614, 3280, -1)
query1(6518, 9814, -1)
query1(9687, 2212, 2)
query1(4051, 9963, 1)
query1(6152, 5673, -1)
query1(2131, 8665, 0)
query1(1924, 358, -1)
query1(2572, 1219, 0)
query1(7029, 6316, 3)
query1(2207, 6541, -1)
query1(4528, 3921, -1)
query1(905, 9208, 0)
query1(3605, 7095, -1)
query1(1677, 2461, 0)
query1(9717, 9412, 0)
query1(5714, 1727, -1)
query1(728, 779, 0)
query1(173, 732, -1)
query1(1875, 4803, 0)
query1(7878, 2341, 0)
query1(2074, 2580, -1)
query1(5587, 6427, 0)
query1(6483, 7413, 0)
query1(4574, 9554, -1)
query1(2013, 7353, -1)
query1(26, 9287, -1)
query1(4112, 8588, -1)
query1(4845, 7022, -1)
query1(7143, 6364, 1)
query1(571, 8692, 1)
query1(3420, 3189, -1)
query1(7206, 540, 6)
query1(9115, 6109, -1)
query1(5841, 3543, -1)
query1(2854, 9496, 3)
query1(2780, 6493, -1)
query1(2406, 8969, 1)
query1(2699, 1953, -1)
query1(9686, 1231, -1)
query1(3929, 6634, -1)
query1(9955, 5321, 0)
query1(6532, 2341, -1)
query1(9859, 5713, -1)
query1(2094, 2867, 0)
query1(2067, 3418, 1)
query1(3365, 7233, -1)
query1(1903, 7274, 0)
query1(2093, 2103, -1)
query1(4330, 6336, 1)
query1(684, 605, -1)
query1(871, 7165, 0)
query1(8574, 3895, 1)
query1(5936, 5514, -1)
query1(1982, 4917, 2)
query1(1787, 4545, -1)
query1(8591, 4626, -1)
query1(3051, 8334, -1)
query1(6534, 2485, -1)
query1(8128, 7264, 2)
query1(5503, 5443, -1)
query1(784, 8092, 2)
query1(1415, 9914, 0)
query1(6361, 4703, -1)
query1(9981, 6713, -1)
query1(5218, 8533, -1)
query1(8756, 8174, 1)
query1(798, 4277, -1)
query1(4187, 8339, -1)
query1(5518, 8964, 0)
query1(6484, 234, -1)
query1(6359, 4658, -1)
query1(6406, 5323, 0)
query1(2508, 6598, -1)
query1(2950, 4977, -1)
query1(1904, 2616, -1)
query1(251, 1030, -1)
query1(486, 9273, 0)
query1(8443, 880, 1)
query1(8212, 391, -1)
query1(384, 1243, -1)
query1(838, 9691, 1)
query1(1671, 2384, -1)
query1(2580, 2807, 0)
query1(7115, 2226, -1)
query1(5781, 5678, 0)
query1(8213, 3689, -1)
query1(6998, 2798, 0)
query1(361, 7546, -1)
query1(5360, 1352, -1)
query1(9646, 5963, 0)
query1(6246, 1538, -1)
query1(9632, 3296, -1)
query1(7698, 2737, 0)
query1(1497, 406, 2)
query1(9560, 779, -1)
query1(8451, 8387, -1)
query1(6693, 7784, -1)
query1(123, 1700, 1)
query1(945, 9701, -1)
query1(2974, 9250, -1)
query1(8144, 6673, 0)
query1(7639, 5155, 1)
query1(6175, 1285, -1)
query1(5286, 1019, -1)
query1(4168, 2234, -1)
query1(1524, 7392, -1)
query1(1945, 7259, -1)
query1(8052, 6820, -1)
query1(9776, 517, -1)
query1(5579, 1169, 3)
query1(132, 6179, 0)
query1(6892, 6293, -1)
query1(1032, 8459, 0)
query1(4262, 2651, 3)
query1(9716, 394, 0)
query1(2220, 815, 1)
query1(9628, 9343, -1)
query1(6119, 2296, 1)
query1(8944, 5005, -1)
query1(8904, 4196, -1)
query1(3395, 4553, -1)
query1(6350, 7415, -1)
query1(9186, 726, -1)
query1(1504, 4745, 0)
query1(2461, 619, -1)
query1(9252, 7546, -1)
query1(3799, 6712, -1)
query1(7467, 1722, -1)
query1(8426, 2341, -1)
query1(1010, 964, -1)
query1(9165, 7237, 1)
query1(2617, 9341, 1)
query1(596, 9529, -1)
query1(8855, 7026, 1)
query1(3925, 8683, -1)
query1(7049, 9505, -1)
query1(3030, 5892, 0)
query1(335, 5288, 0)
query1(5384, 2311, 0)
query1(5293, 3047, 0)
query1(5073, 7810, -1)
query1(7805, 8384, -1)
query1(2043, 2973, -1)
query1(16, 1208, -1)
query1(7405, 7008, -1)
query1(9873, 7409, -1)
query1(6723, 9610, -1)
query1(5442, 4801, 2)
query1(9726, 5053, -1)
query1(1018, 6085, 0)
query1(4632, 6621, 1)
query1(2752, 978, -1)
query1(1700, 2773, -1)
query1(8637, 7749, 1)
query1(8316, 1766, 0)
query1(2943, 4710, 0)
query1(7133, 3043, -1)
query1(4476, 5974, -1)
query1(5435, 5994, 0)
query1(6043, 2803, -1)
query1(236, 3539, -1)
query1(9668, 7707, -1)
query1(6627, 6260, -1)
query1(6448, 7006, 0)
query1(3379, 7420, -1)
query1(7174, 7913, 2)
query1(1138, 6411, 0)
query1(2661, 4768, -1)
query1(6550, 3117, 0)
query1(1958, 3224, 2)
query1(1842, 5012, 0)
query1(4731, 978, -1)
query1(8340, 4284, 1)
query1(5802, 7119, -1)
query1(4287, 1815, 0)
query1(5644, 6817, 0)
query1(6756, 7962, -1)
query1(617, 2708, -1)
query1(3624, 5573, -1)
query1(8297, 8263, -1)
query1(2590, 5001, 0)
query1(2928, 1535, -1)
query1(9009, 2194, -1)
query1(7025, 6893, -1)
query1(4035, 3029, -1)
query1(1519, 6326, -1)
query1(7043, 64, -1)
query1(1263, 1784, -1)
query1(2804, 5448, -1)
query1(8385, 7076, -1)
query1(6945, 9381, -1)
query1(317, 461, -1)
query1(2772, 9824, 4)
query1(1922, 574, -1)
query1(5181, 875, 1)
query1(3942, 2475, 0)
query1(6467, 6786, -1)
query1(6866, 8852, 1)
query1(9161, 269, -1)
query1(9594, 109, 1)
query1(3703, 3288, -1)
query1(7176, 754, -1)
query1(5270, 4554, -1)
query1(1757, 6661, -1)
query1(6754, 4823, -1)
query1(8541, 4211, 0)
query1(4061, 177, -1)
query1(5040, 4584, 0)
query1(3517, 4022, -1)
query1(8173, 526, 0)
query1(268, 3078, 2)
query1(1137, 4093, 0)
query1(6336, 2818, -1)
query1(6262, 6723, -1)
query1(9756, 3488, 0)
query1(5689, 4264, -1)
query1(2865, 5092, 0)
query1(8809, 2136, -1)
query1(1692, 1939, -1)
query1(1009, 593, -1)
query1(9234, 8182, -1)
query1(9182, 1378, 1)
query1(7141, 5578, -1)
query1(4707, 1606, -1)
query1(5258, 990, 0)
query1(2068, 5104, -1)
query1(8748, 6607, 0)
query1(4780, 9688, 0)
query1(7762, 4963, 1)
query1(1263, 929, -1)
query1(6331, 7807, 1)
query1(182, 5321, -1)
query1(7986, 5423, -1)
query1(5112, 4204, -1)
query1(4404, 6593, -1)
query1(1899, 556, -1)
query1(8705, 6712, -1)
query1(3128, 8922, 0)
query1(1580, 3658, 0)
query1(2067, 9403, 1)
query1(6152, 8577, 0)
query1(8301, 5072, -1)
query1(4085, 8514, -1)
query1(5851, 6115, 0)
query1(9096, 5992, -1)
query1(8040, 8472, 1)
query1(5465, 5027, -1)
query1(3642, 6880, -1)
query1(7895, 9112, 0)
query1(9502, 5202, -1)
query1(6385, 7729, -1)
query1(8449, 7414, 0)
query1(1203, 4055, -1)
query1(1801, 4367, -1)
query1(684, 2409, 1)
query1(9542, 9101, -1)
query1(3611, 2935, 0)
query1(7650, 1686, -1)
query1(6431, 1717, 0)
query1(8495, 2651, -1)
query1(8916, 6730, -1)
query1(7313, 354, 0)
query1(2099, 9356, 1)
query1(1099, 4387, -1)
query1(8731, 8208, -1)
query1(579, 8575, -1)
query1(7716, 2066, 2)
query1(4733, 7711, -1)
query1(8187, 1722, -1)
query1(4056, 8985, -1)
query1(3604, 9221, 1)
query1(3826, 2347, -1)
query1(7002, 1289, -1)
query1(138, 5239, -1)
query1(4787, 1331, -1)
query1(8102, 3816, -1)
query1(1398, 3867, -1)
query1(2117, 9955, -1)
query1(4040, 9768, 3)
query1(5613, 682, -1)
query1(4479, 2129, -1)
query1(7569, 8797, -1)
query1(4947, 8932, -1)
query1(2239, 906, -1)
query1(2830, 3402, 1)
query1(687, 8187, -1)
query1(123, 3542, -1)
query1(8313, 7495, 5)
query1(4258, 8394, 1)
query1(7427, 8770, -1)
query1(4924, 5501, -1)
query1(3209, 1614, 0)
query1(7789, 4788, 0)
query1(8356, 2244, -1)
query1(3954, 1977, -1)
query1(4536, 6993, 2)
query1(7374, 4004, -1)
query1(3275, 7598, -1)
query1(525, 636, -1)
query1(9204, 8620, 0)
query1(4719, 143, -1)
query1(3195, 1053, -1)
query1(4383, 5104, -1)
query1(4943, 2617, -1)
query1(5766, 6521, -1)
query1(1053, 7863, 1)
query1(2084, 3923, 2)
query1(1872, 9038, -1)
query1(4327, 492, -1)
query1(1698, 5892, -1)
query1(1319, 2158, -1)
query1(356, 537, -1)
query1(2106, 7920, 0)
query1(3677, 8715, -1)
query1(5377, 3917, -1)
query1(6080, 5119, 1)
query1(2789, 5248, 0)
query1(6063, 6234, 2)
query1(5904, 1647, -1)
query1(9760, 5972, -1)
query1(4811, 808, -1)
query1(3980, 1690, -1)
query1(6163, 714, -1)
query1(9316, 8450, 0)
query1(7533, 6187, -1)
query1(9875, 2389, -1)
query1(484, 5936, -1)
query1(1331, 2465, -1)
query1(5462, 4397, -1)
query1(8783, 6289, 0)
query1(1464, 5808, -1)
query1(5467, 6357, -1)
query1(3090, 4202, 0)
query1(8963, 7810, -1)
query1(6338, 2627, 0)
query1(6692, 8913, -1)
query1(7320, 8835, -1)
query1(5528, 8975, -1)
query1(2720, 129, 0)
query1(2827, 2224, -1)
query1(3086, 937, -1)
query1(5357, 7045, -1)
query1(4053, 5883, -1)
query1(8573, 7398, -1)
query1(5721, 6124, -1)
query1(5289, 1894, -1)
query1(7815, 8731, -1)
query1(8271, 7577, 2)
query1(6255, 8937, -1)
query1(8529, 3137, -1)
query1(4061, 3868, -1)
query1(2270, 2412, 0)
query1(7222, 8223, 0)
query1(4423, 9249, 0)
query1(5245, 6982, -1)
query1(1633, 3679, -1)
query1(2719, 5745, -1)
query1(9334, 4395, 0)
query1(6439, 3335, -1)
query1(4139, 3138, -1)
query1(7800, 2948, 0)
query1(8703, 2116, -1)
query1(2083, 3004, -1)
query1(2146, 5935, -1)
query1(5482, 8639, -1)
query1(8160, 2392, 0)
query1(3688, 1444, -1)
query1(4290, 1399, 1)
query1(1171, 9353, -1)
query1(7337, 5312, 1)
query1(891, 7394, -1)
query1(6394, 1572, 1)
query1(3393, 9764, -1)
query1(6820, 2307, 0)
query1(2305, 7794, -1)
query1(5695, 7551, -1)
query1(4410, 4995, -1)
query1(5490, 7488, 1)
query1(6523, 5084, -1)
query1(7346, 9417, -1)
query1(4116, 3013, -1)
query1(6265, 6027, -1)
query1(9941, 4731, -1)
query1(8700, 6041, 1)
query1(1148, 8484, -1)
query1(8522, 5628, 0)
query1(9358, 6820, 1)
query1(5686, 3573, -1)
query1(593, 2559, -1)
query1(6619, 7877, -1)
query1(6212, 2623, 4)
query1(9025, 9768, -1)
query1(760, 432, 0)
query1(6581, 4066, 0)
query1(8972, 3582, 0)
query1(8169, 2344, -1)
query1(5865, 402, -1)
query1(7504, 9122, 0)
query1(2977, 2277, -1)
query1(1496, 6102, 1)
query1(2259, 6506, 1)
query1(842, 1221, 3)
query1(8740, 4700, 1)
query1(5538, 2683, -1)
query1(6374, 7773, -1)
query1(3009, 5077, -1)
query1(3019, 3624, -1)
query1(9975, 8681, 0)
query1(5865, 8020, 0)
query1(1344, 7678, -1)
query1(6297, 2870, 0)
query1(6540, 4118, 0)
query1(6268, 9907, -1)
query1(3758, 5828, -1)
query1(4356, 9437, -1)
query1(7618, 5522, -1)
query1(7763, 5266, 0)
query1(5650, 8621, 0)
query1(6958, 3674, -1)
query1(4246, 625, 1)
query1(9752, 8464, 1)
query1(9951, 2180, -1)
query1(1714, 4245, 0)
query1(1983, 8894, -1)
query1(1866, 6951, -1)
query1(9532, 1560, -1)
query1(5028, 5455, 0)
query1(7391, 7082, -1)
query1(3542, 1165, -1)
query1(4859, 1494, -1)
query1(9240, 6332, 1)
query1(6998, 8311, -1)
query1(9076, 2443, 1)
query1(8224, 5709, 0)
query1(1117, 5987, 0)
query1(9715, 9176, 0)
query1(3664, 674, -1)
query1(6105, 331, -1)
query1(6364, 2893, 1)
query1(8981, 66, -1)
query1(2234, 3055, -1)
query1(5583, 4493, 0)
query1(4308, 5478, -1)
query1(1941, 1454, 1)
query1(969, 3284, 0)
query1(6785, 9020, -1)
query1(5726, 5485, -1)
query1(2648, 6168, -1)
query1(9589, 7205, -1)
query1(5350, 6674, -1)
query1(3313, 8082, 0)
query1(945, 1986, 3)
query1(2955, 2500, -1)
query1(5499, 3426, -1)
query1(2907, 9993, -1)
query1(629, 2705, 1)
query1(2321, 1433, -1)
query1(6361, 1560, -1)
query1(6282, 7399, -1)
query1(5990, 6712, -1)
query1(9938, 2384, 1)
query1(2078, 1810, 1)
query1(6957, 7250, 0)
query1(2756, 6086, 2)
query1(601, 5220, -1)
query1(874, 3239, 3)
query1(5552, 1932, 0)
query1(7495, 6778, 0)
query1(8384, 7707, -1)
query1(467, 7311, -1)
query1(3286, 6607, 0)
query1(4133, 9152, -1)
query1(7504, 72, -1)
query1(1910, 5919, -1)
query1(2347, 5255, -1)
query1(5593, 6335, -1)
query1(8941, 4360, 0)
query1(6516, 6284, 3)
query1(6079, 7495, -1)
query1(534, 4315, 3)
query1(8362, 8337, 0)
query1(3886, 7242, 0)
query1(3815, 2551, 0)
query1(4355, 3662, -1)
query1(3160, 779, 0)
query1(6729, 5232, -1)
query1(6315, 3971, 1)
query1(8108, 3375, -1)
query1(5510, 859, 0)
query1(4010, 240, -1)
query1(3186, 7067, -1)
query1(84, 4481, -1)
query1(5489, 9867, -1)
query1(5451, 9354, -1)
query1(1760, 8223, -1)
query1(8811, 2415, -1)
query1(9579, 701, -1)
query1(4472, 1709, 0)
query1(1532, 621, 0)
query1(5142, 7200, -1)
query1(6982, 1477, -1)
query1(8524, 1622, 0)
query1(6577, 7348, -1)
query1(1688, 7154, 2)
query1(6776, 8599, -1)
query1(2081, 9725, 1)
query1(8108, 4605, -1)
query1(4070, 6416, 2)
query1(5174, 2303, -1)
query1(8475, 789, -1)
query1(8071, 7069, 1)
query1(5877, 3846, -1)
query1(6208, 450, 1)
query1(5410, 6597, 1)
query1(3848, 9414, 4)
query1(2246, 3093, -1)
query1(6463, 3100, -1)
query1(7419, 6621, -1)
query1(3121, 2194, -1)
query1(8779, 2578, -1)
query1(8849, 5340, -1)
query1(88, 1983, 0)
query1(3288, 6331, 0)
query1(8641, 8309, -1)
query1(4629, 6515, -1)
query1(8205, 1920, -1)
query1(2590, 1141, 0)
query1(78, 4549, -1)
query1(732, 4489, -1)
query1(6905, 7578, -1)
query1(3778, 2263, -1)
query1(9250, 629, -1)
query1(833, 4354, -1)
query1(392, 9189, -1)
query1(1810, 4677, -1)
query1(4739, 2263, 2)
query1(6706, 3062, 2)
query1(3195, 3122, -1)
query1(1242, 3564, 0)
query1(1572, 1078, -1)
query1(6021, 7192, -1)
query1(887, 1007, -1)
query1(7138, 6704, -1)
query1(1688, 406, 0)
query1(2169, 6953, -1)
query1(8619, 116, -1)
query1(1037, 7202, 1)
query1(2070, 5336, -1)
query1(2255, 2160, -1)
query1(6558, 9737, -1)
query1(737, 3921, 2)
query1(602, 4233, -1)
query1(5654, 8766, 0)
query1(8495, 2134, 0)
query1(5593, 3623, -1)
query1(217, 7189, -1)
query1(817, 1928, -1)
query1(6002, 5622, 4)
query1(1790, 6405, -1)
query1(1199, 55, 4)
query1(6506, 9215, -1)
query1(8222, 6688, 1)
query1(1822, 1171, -1)
query1(3281, 6139, 0)
query1(3315, 301, 0)
query1(1343, 4994, -1)
query1(1468, 9899, 1)
query1(394, 4287, 1)
query1(993, 77, 0)
query1(5883, 7360, 1)
query1(8765, 6245, -1)
query1(6959, 6495, -1)
query1(7162, 3260, 2)
query1(391, 3353, 0)
query1(887, 9774, 1)
query1(7619, 6497, 0)
query1(2020, 4229, 0)
query1(2932, 3978, 1)
query1(888, 2111, -1)
query1(4051, 4490, -1)
query1(4995, 3873, -1)
query1(1971, 2900, -1)
query1(4322, 9438, -1)
query1(8801, 5731, -1)
query1(4424, 6469, 0)
query1(6423, 2189, -1)
query1(6080, 9847, -1)
query1(2972, 2496, 0)
query1(9778, 8603, -1)
query1(1372, 6821, 1)
query1(5264, 7314, 0)
query1(1528, 6217, 0)
query1(9066, 2705, -1)
query1(425, 4673, -1)
query1(1396, 6347, 0)
query1(8149, 2671, 1)
query1(458, 2971, -1)
query1(7698, 4239, 0)
query1(6524, 4644, -1)
query1(3486, 1179, 0)
query1(3437, 1135, 0)
query1(8783, 345, 2)
query1(1065, 4183, 0)
query1(4050, 8271, -1)
query1(9748, 5059, -1)
query1(8987, 1691, -1)
query1(5678, 482, -1)
query1(8423, 4091, -1)
query1(6145, 3463, 0)
query1(745, 1791, 0)
query1(6666, 151, -1)
query1(9328, 3071, 0)
query1(2323, 6672, -1)
query1(7716, 9922, -1)
query1(3215, 6035, 0)
query1(2704, 976, 3)
query1(5992, 8130, -1)
query1(4806, 5144, 0)
query1(1907, 9827, 1)
query1(5647, 5174, 0)
query1(8708, 3654, -1)
query1(3846, 3503, 1)
query1(404, 4022, 0)
query1(136, 5843, -1)
query1(9153, 6557, 0)
query1(3180, 5242, 0)
query1(801, 7665, 0)
query1(1447, 3192, 0)
query1(8966, 1686, 1)
query1(127, 9949, -1)
query1(7841, 2609, -1)
query1(7931, 7385, -1)
query1(8798, 7108, -1)
query1(1689, 3961, -1)
query1(2040, 1650, -1)
query1(1525, 1131, 0)
query1(7429, 5371, -1)
query1(5507, 5359, -1)
query1(370, 1857, -1)
query1(3101, 9049, 0)
query1(4287, 3827, 0)
query1(1546, 2197, 0)
query1(6978, 2556, 0)
query1(3363, 8573, -1)
query1(1837, 5301, -1)
query1(7889, 8632, -1)
query1(7234, 9417, -1)
query1(9928, 8128, 1)
query1(5670, 4667, 0)
query1(1496, 860, -1)
query1(8992, 4765, -1)
query1(6715, 8167, -1)
query1(8401, 5641, -1)
query1(707, 9037, -1)
query1(6599, 7411, -1)
query1(7552, 2228, -1)
query1(1494, 7940, 0)
query1(1483, 5846, 0)
query1(2452, 353, -1)
query1(2038, 7002, -1)
query1(6775, 9156, -1)
query1(3573, 6133, -1)
query1(3230, 8621, 0)
query1(865, 2139, -1)
query1(3714, 924, -1)
query1(3774, 7743, 0)
query1(7842, 9098, 0)
query1(1192, 8030, -1)
query1(8027, 5161, 0)
query1(1616, 5326, -1)
query1(2077, 7071, -1)
query1(265, 4791, 1)
query1(1213, 6985, -1)
query1(2120, 8015, -1)
query1(4176, 9607, -1)
query1(2181, 5043, 0)
query1(4242, 6524, -1)
query1(6967, 7663, 2)
query1(8617, 4763, -1)
query1(584, 2787, 0)
query1(8690, 1391, -1)
query1(451, 9160, -1)
query1(9642, 4330, -1)
query1(2214, 9325, 0)
query1(8192, 2722, 0)
query1(844, 7610, 1)
query1(144, 2690, 1)
query1(4624, 5233, 3)
query1(7780, 9557, -1)
query1(4119, 4943, 0)
query1(7501, 3445, 0)
query1(5892, 4409, 1)
query1(1553, 7484, -1)
query1(2513, 2555, 0)
query1(152, 4456, -1)
query1(3387, 1248, -1)
query1(5463, 3990, -1)
query1(5055, 4240, -1)
query1(3019, 3452, -1)
query1(756, 6188, -1)
query1(9622, 304, 0)
query1(7663, 1061, 0)
query1(3821, 9820, -1)
query1(6803, 285, -1)
query1(8263, 3670, -1)
query1(606, 9350, -1)
query1(5132, 4447, -1)
query1(4889, 6482, 0)
query1(4126, 8874, 2)
query1(8749, 857, -1)
query1(1181, 3087, -1)
query1(8401, 5782, -1)
query1(5211, 1623, 1)
query1(698, 9454, 0)
query1(8474, 2280, -1)
query1(3490, 3061, -1)
query1(5818, 8247, -1)
query1(8751, 9992, -1)
query1(2585, 4234, -1)
query1(3960, 5948, -1)
query1(1390, 3202, -1)
query1(3617, 4752, -1)
query1(8205, 4605, 0)
query1(6610, 1376, -1)
query1(4209, 3176, 3)
query1(7571, 4107, -1)
query1(8047, 6718, 1)
query1(4638, 1145, -1)
query1(3343, 4733, -1)
query1(2492, 6537, 0)
query1(4894, 1739, 0)
query1(6256, 4561, -1)
query1(8712, 2826, -1)
query1(4886, 2407, 0)
query1(2258, 9113, -1)
query1(3351, 6939, 0)
query1(7037, 3344, -1)
query1(7816, 828, -1)
query1(7057, 1838, 0)
query1(1223, 3068, -1)
query1(8961, 2414, -1)
query1(6813, 5311, -1)
query1(6923, 791, -1)
query1(8559, 2988, -1)
query1(1379, 7108, -1)
query1(1955, 8340, -1)
query1(7936, 3580, 1)
query1(5678, 3154, -1)
query1(7373, 3534, -1)
query1(5214, 8247, -1)
query1(7876, 313, 3)
query1(9449, 3859, -1)
query1(2641, 5257, 0)
query1(7556, 538, -1)
query1(846, 2119, -1)
query1(2992, 9885, -1)
query1(4979, 8142, -1)
query1(2017, 604, -1)
query1(2184, 6949, -1)
query1(8905, 3013, 1)
query1(8441, 203, -1)
query1(757, 884, -1)
query1(2777, 2997, 0)
query1(6868, 7578, -1)
query1(2593, 6057, -1)
query1(9071, 7207, 2)
query1(9186, 9730, -1)
query1(3276, 1039, -1)
query1(5818, 3036, -1)
query1(630, 3029, -1)
query1(2625, 2903, -1)
query1(9819, 6426, -1)
query1(747, 610, 0)
query1(9320, 744, -1)
query1(4545, 2096, -1)
query1(6438, 5246, 0)
query1(3353, 9975, 0)
query1(7420, 670, -1)
query1(6964, 3289, -1)
query1(2075, 1636, -1)
query1(805, 4992, -1)
query1(5969, 4730, 4)
query1(8912, 4054, -1)
query1(9026, 5070, 0)
query1(1629, 2581, -1)
query1(7236, 1298, -1)
query1(6706, 1134, -1)
query1(178, 1950, 0)
query1(1293, 602, -1)
query1(3301, 451, 1)
query1(4221, 7122, -1)
query1(1996, 108, -1)
query1(7941, 8915, -1)
query1(6789, 1767, 1)
query1(7641, 3861, 0)
query1(9271, 2147, -1)
query1(7468, 4330, 4)
query1(9773, 4872, 0)
query1(3175, 2245, -1)
query1(2391, 1411, -1)
query1(4352, 4468, -1)
query1(8377, 9770, 0)
query1(3674, 6424, -1)
query1(4157, 254, 1)
query1(6142, 2420, 0)
query1(752, 4286, -1)
query1(8635, 7543, -1)
query1(629, 2542, -1)
query1(458, 7217, 0)
query1(7464, 6110, -1)
query1(9921, 8985, 0)
query1(489, 8202, 0)
query1(6275, 5775, -1)
query1(6247, 3047, -1)
query1(7998, 4267, 0)
query1(3165, 4295, -1)
query1(6169, 7735, -1)
query1(5423, 2519, -1)
query1(5904, 5379, -1)
query1(4765, 6013, -1)
query1(3700, 9102, 0)
query1(4880, 6192, -1)
query1(5328, 7848, 1)
query1(1079, 3862, -1)
query1(6045, 2933, 1)
query1(708, 75, 0)
query1(4956, 6231, -1)
query1(7699, 1645, 0)
query1(3265, 280, -1)
query1(4767, 8377, -1)
query1(4530, 1854, -1)
query1(6074, 3646, 1)
query1(4275, 3918, -1)
query1(4028, 8381, -1)
query1(9172, 3987, 1)
query1(2866, 4262, -1)
query1(1508, 1416, 1)
query1(3875, 8755, -1)
query1(8840, 8787, -1)
query1(2756, 6458, -1)
query1(8715, 7693, 0)
query1(3872, 4682, 0)
query1(5736, 7458, -1)
query1(9036, 1430, -1)
query1(6682, 9579, -1)
query1(2645, 9144, -1)
query1(2270, 9274, -1)
query1(7212, 452, -1)
query1(1661, 2321, -1)
query1(1226, 1662, -1)
query1(1255, 6732, -1)
query1(708, 862, -1)
query1(6495, 7936, 4)
query1(7231, 4019, -1)
query1(7870, 5539, 6)
query1(650, 6299, 0)
query1(6068, 7731, -1)
query1(6442, 3848, -1)
query1(8440, 5005, -1)
query1(4386, 5223, 0)
query1(3017, 7933, -1)
query1(9781, 954, -1)
query1(3431, 7385, -1)
query1(9684, 6802, 1)
query1(6723, 8530, 0)
query1(1259, 3763, -1)
query1(8711, 9256, 0)
query1(9135, 9277, 0)
query1(2876, 7120, -1)
query1(5458, 2345, 0)
query1(4520, 145, 0)
query1(58, 6387, 0)
query1(5993, 6383, -1)
query1(804, 9852, -1)
query1(4775, 9281, 0)
query1(5393, 8166, 0)
query1(4014, 8923, 0)
query1(4037, 3881, 1)
query1(3776, 7287, 2)
query1(4014, 2015, -1)
query1(9781, 5055, -1)
query1(3345, 4091, -1)
query1(3143, 1749, 2)
query1(2267, 4883, -1)
query1(5292, 703, -1)
query1(2418, 5319, -1)
query1(1682, 2176, -1)
query1(9548, 7300, 0)
query1(1927, 7051, 0)
query1(1957, 7917, -1)
query1(7989, 4120, -1)
query1(5720, 9229, 2)
query1(9178, 1035, 0)
query1(7263, 7156, 2)
query1(7647, 350, 1)
query1(7030, 7526, 2)
query1(8734, 3634, 1)
query1(562, 7251, 1)
query1(6431, 6117, 5)
query1(2896, 556, 0)
query1(246, 3290, 1)
query1(8524, 7883, 2)
query1(3897, 8836, 0)
query1(8960, 6617, -1)
query1(1627, 649, -1)
query1(6203, 1061, 0)
query1(6028, 7240, -1)
query1(2110, 6198, -1)
query1(8983, 4516, 0)
query1(6314, 7036, -1)
query1(573, 7100, 0)
query1(7431, 3021, -1)
query1(3072, 3358, -1)
query1(6063, 2177, 0)
query1(9564, 5665, 1)
query1(2714, 9281, -1)
query1(3709, 3365, -1)
query1(9786, 9915, 5)
query1(7664, 5106, -1)
query1(9686, 5216, -1)
query1(1156, 5763, -1)
query1(7739, 5588, -1)
query1(8397, 9431, 0)
query1(2013, 9181, 1)
query1(4186, 1647, -1)
query1(4914, 3889, 4)
query1(6243, 734, -1)
query1(9120, 1884, -1)
query1(8322, 2580, -1)
query1(6098, 3872, -1)
query1(7839, 1740, -1)
query1(2768, 2037, 0)
query1(333, 3481, 1)
query1(9011, 4878, 1)
query1(5349, 9771, -1)
query1(126, 9221, -1)
query1(8002, 6772, -1)
query1(6607, 8024, 0)
query1(8184, 4533, 2)
query1(8044, 7204, -1)
query1(4634, 9952, 0)
query1(942, 2433, -1)
query1(9448, 9345, -1)
query1(6970, 551, -1)
query1(6083, 8245, 0)
query1(9394, 8512, -1)
query1(7192, 8467, -1)
query1(2870, 6906, -1)
query1(243, 1899, -1)
query1(8154, 4399, -1)
query1(2525, 1587, -1)
query1(2496, 2975, -1)
query1(5484, 9403, 0)
query1(8786, 3315, -1)
query1(6558, 8638, -1)
query1(6387, 8407, -1)
query1(2989, 7869, 0)
query1(6256, 1005, 1)
query1(779, 251, -1)
query1(1090, 4734, -1)
query1(3064, 7425, -1)
query1(8010, 6907, 0)
query1(5033, 5012, 0)
query1(5136, 982, -1)
query1(8886, 7591, 0)
query1(219, 2160, -1)
query1(5088, 8262, -1)
query1(2492, 5290, 0)
query1(9558, 3078, -1)
query1(5126, 7725, -1)
query1(3319, 4152, -1)
query1(8458, 8146, 1)
query1(8198, 7806, -1)
query1(2801, 2253, 1)
query1(79, 1945, -1)
query1(1868, 1871, -1)
query1(7532, 3528, -1)
query1(2984, 488, -1)
query1(3417, 2001, -1)
query1(5658, 6631, -1)
query1(3521, 5204, -1)
query1(3162, 9703, 0)
query1(6359, 8355, -1)
query1(1938, 561, -1)
query1(3085, 1934, -1)
query1(3571, 6386, 1)
query1(5753, 833, -1)
query1(9623, 4609, -1)
query1(1437, 9132, -1)
query1(9384, 6551, -1)
query1(923, 4970, -1)
query1(8100, 5708, -1)
query1(4768, 4255, -1)
query1(9762, 6431, -1)
query1(8628, 4843, -1)
query1(4624, 1194, 0)
query1(1989, 1834, -1)
query1(7411, 8098, -1)
query1(3622, 2917, -1)
query1(2943, 8262, -1)
query1(3989, 654, 1)
query1(8545, 7353, -1)
query1(7358, 1203, 1)
query1(3208, 5893, 1)
query1(5141, 6593, -1)
query1(1135, 2760, -1)
query1(8328, 734, 5)
query1(5527, 9239, 0)
query1(3843, 53, -1)
query1(31, 488, 0)
query1(6961, 395, -1)
query1(9910, 8535, 0)
query1(591, 3968, -1)
query1(6378, 8722, -1)
query1(7376, 8014, 1)
query1(2437, 2823, -1)
query1(329, 9300, 0)
query1(1321, 9563, -1)
query1(3058, 7351, 0)
query1(8367, 3987, 0)
query1(2840, 4255, -1)
query1(4739, 9212, 0)
query1(5715, 5162, 0)
query1(2205, 5512, -1)
query1(9499, 6459, -1)
query1(4410, 3749, -1)
query1(4567, 6871, -1)
query1(2480, 4982, -1)
query1(8330, 6831, 0)
query1(1484, 2610, -1)
query1(2914, 6419, 0)
query1(2263, 1521, 0)
query1(1678, 2651, -1)
query1(9167, 4604, -1)
query1(8496, 6068, -1)
query1(4490, 7827, -1)
query1(3029, 2701, -1)
query1(7766, 1523, 1)
query1(8930, 2982, 0)
query1(1313, 5656, -1)
query1(737, 6877, 0)
query1(433, 559, -1)
query1(6591, 3036, 0)
query1(5238, 800, -1)
query1(8440, 9215, 0)
query1(595, 6325, 1)
query1(3848, 6529, -1)
query1(1924, 9920, -1)
query1(4440, 8571, -1)
query1(9424, 3932, -1)
query1(3395, 6307, -1)
query1(2347, 1985, -1)
query1(7325, 1244, 0)
query1(7038, 4370, -1)
query1(48, 2139, -1)
query1(8518, 9776, -1)
query1(904, 8207, 0)
query1(4087, 7361, -1)
query1(2144, 2611, 1)
query1(3711, 9380, 0)
query1(2492, 1689, -1)
query1(383, 290, 3)
query1(727, 1119, 0)
query1(1411, 2548, -1)
query1(5938, 1149, -1)
query1(2929, 1270, -1)
query1(171, 3452, -1)
query1(2293, 3894, -1)
query1(8203, 9594, -1)
query1(1776, 8813, -1)
query1(7490, 8336, -1)
query1(5339, 1815, -1)
query1(1241, 4447, -1)
query1(7024, 2573, -1)
query1(3299, 260, 0)
query1(3685, 5340, 1)
query1(2122, 8080, -1)
query1(3025, 926, -1)
query1(8419, 2363, -1)
query1(9493, 7004, 0)
query1(5672, 1736, -1)
query1(5084, 4886, -1)
query1(7093, 729, -1)
query1(5804, 9690, 0)
query1(908, 9981, -1)
query1(2070, 6823, -1)
query1(1397, 2205, -1)
query1(5273, 3259, 0)
query1(8295, 1407, -1)
query1(2372, 4639, -1)
query1(6369, 8344, -1)
query1(2001, 2734, 1)
query1(1916, 4210, 0)
query1(5821, 4654, -1)
query1(5501, 1733, -1)
query1(6360, 9158, 0)
query1(8365, 972, -1)
query1(2984, 6120, -1)
query1(3007, 7675, 0)
query1(8052, 8939, -1)
query1(7430, 1444, -1)
query1(2322, 2538, -1)
query1(5140, 6939, 0)
query1(5728, 4446, -1)
query1(7713, 8845, -1)
query1(2027, 9501, 2)
query1(781, 9790, -1)
query1(6356, 6612, 1)
query1(8647, 1525, 0)
query1(8081, 9081, 1)
query1(9361, 4758, 0)
query1(1995, 4660, 0)
query1(1595, 6582, -1)
query1(6532, 5959, 0)
query1(3527, 5727, 1)
query1(8781, 6847, -1)
query1(3354, 952, 1)
query1(3970, 704, -1)
query1(6524, 9455, 0)
query1(3679, 1543, -1)
query1(8008, 9157, -1)
query1(7347, 8378, -1)
query1(197, 854, -1)
query1(610, 5420, -1)
query1(7322, 6864, -1)
query1(5295, 8928, -1)
query1(480, 3979, -1)
query1(2411, 939, -1)
query1(2953, 8257, -1)
query1(7681, 7871, -1)
query1(6127, 8208, -1)
query1(9453, 737, -1)
query1(7560, 4592, 0)
query1(3824, 6270, 4)
query1(8284, 1177, -1)
query1(5004, 539, 0)
query1(5959, 7067, 0)
query1(6082, 1647, 0)
query1(3150, 5417, 1)
query1(5901, 5614, 0)
query1(3361, 4923, -1)
query1(4854, 4831, 2)
query1(7027, 9729, -1)
query1(4802, 654, -1)
query1(3136, 4607, -1)
query1(4464, 5260, -1)
query1(5725, 5906, -1)
query1(454, 4050, -1)
query1(9687, 1845, -1)
query2(3, 1980-02-01)
query2(4, 1982-01-30)
query2(3, 1984-02-01)
query2(3, 1986-01-28)
query2(5, 1988-01-27)
query2(3, 1990-01-31)
query3(3, 2, Asia)
query3(4, 3, Dolgoprudny)
query3(3, 2, Yongkang_District)
query4(3, George_W._Bush)
query4(4, Franklin_D._Roosevelt)
